Running hill climbing optimization...
NEW SEED (0): 33.85223089868042
33.85223089868042 0
24.496220896575807 32
17.25404119025355 64
16.566536415751433 96
15.855526189955906 127
12.510168300828665 158
------------------

NEW SEED (1): 36.291112128742846
36.291112128742846 188
31.58202769780798 217
28.98439630709794 245
28.079528938920994 273
27.593039652098774 301
23.808025035616247 329
23.411684201396717 358
20.972546111080725 388
19.95015759304895 418
19.55051598941737 448
18.992276306460912 478
18.852536758736033 508
18.230361365127386 538
17.883445033182 568
16.5 598
15.5 627
11.447920359910796 656
3.694776198877731 685
------------------

NEW SEED (2): 37.49654571858121
37.49654571858121 713
26.371147148764305 743
23.74034977899391 772
23.268673169150347 801
22.702025331686002 830
20.136216409053898 858
------------------

NEW SEED (3): 40.152445640368406
40.152445640368406 886
32.79446102382525 920
27.5937291040001 954
23.40757086819944 988
21.500920014698757 1021
20.51644613351676 1054
19.465378462566196 1087
18.614393804530096 1120
12.794630510909434 1153
10.299657889038063 1186
7.588265750183742 1219
6.254313031727918 1251
5.935970595453564 1282
5.226373714386464 1312
------------------

NEW SEED (4): 41.16184586624149
41.16184586624149 1342
33.943169911523874 1371
24.363432199190548 1400
20.032917437485654 1429
19.30743281384661 1458
------------------

NEW SEED (5): 41.776948044438555
41.776948044438555 1486
33.052830509374544 1515
30.45318210377867 1545
29.911929205559158 1575
------------------

NEW SEED (6): 45.800468411749456
45.800468411749456 1605
40.343630724542734 1635
35.84154865105387 1665
30.458973098811093 1695
25.29878495105 1725
20.47484370978564 1754
20.086402836428057 1782
19.909323865822408 1809
19.70287646732508 1837
------------------

NEW SEED (7): 45.82030822060671
45.82030822060671 1865
32.51919381801093 1893
26.700213289195137 1922
16.975890634202184 1950
------------------

NEW SEED (8): 47.29126511719492
47.29126511719492 1978
18.315149637311336 2011
16.62015676754415 2043
14.274828732031477 2074
12.843363865824989 2104
10.727905234047967 2134
------------------

NEW SEED (9): 47.32527580218227
47.32527580218227 2165
42.09938511474209 2198
36.74706912059237 2231
33.14487607496685 2263
26.82512597328191 2295
23.920457248571118 2326
22.163538350711544 2357
21.200926058219316 2388
21.115083568364334 2419
20.506467103670808 2450
19.17397542799374 2481
18.43937974939675 2512
17.56925860516384 2543
16.580603251979987 2574
15.948474728959308 2604
15.810695971793512 2633
15.683902249202784 2661
15.53246797243629 2689
15.452319627186437 2716
15.385900546158584 2743
15.379451384780896 2771
------------------

OUT OF EVALUATIONS
