0.05666619149128247 0.1122838349248827 35.29441360652727 2
0.04998517118714008 0.21132925446983786 40.01186656963074 2
0.027848840838660682 0.2665116227442006 71.81627456549408 2
0.027100238973187904 0.320210639374927 73.80008722353833 2
0.026694051168299312 0.37310479647244077 74.92306010018864 2
0.02411463276891457 0.42088784618587566 82.9371949871921 2
0.024101684429794126 0.468645238816417 82.98175199438057 2
0.023520553227692392 0.5152511222622176 85.0320135176608 2
0.02204413338074051 0.5589314856048987 90.7270866790961 2
0.019390471962873856 0.5973536293152245 103.14344095539903 2
0.018252226808517787 0.6335203447419073 109.57567101164103 2
0.018045871228424125 0.6692781674005871 110.82867514037183 2
0.017891510557575985 0.7047301249988441 111.78485983974782 2
0.016437302199452126 0.737300574471483 121.67446797118947 2
0.015192714911459008 0.7674048791421348 131.64204104768086 2
0.015111161460034817 0.7973475859704705 132.35250018931316 2
0.01478798961476945 0.8266499290621374 135.24488805445924 2
0.012750090858880047 0.8519141838073321 156.86162727280185 2
0.012736244680401477 0.8771510024044866 157.03215902232142 2
0.012113559776103048 0.9011539733199028 165.10423335223788 2
0.011669101114659214 0.9242762511507983 171.3928074106339 2
0.010091601616369718 0.9442727199481491 198.18459705699976 2
0.009614796114607645 0.9633244005244781 208.01273122801055 2
0.00927802997856738 0.9817087803305895 215.56300255766365 2
0.009231014928278517 1.0 216.66089975362848 2
