Running hill climbing optimization...
NEW SEED (0): 37.15038901182311
37.15038901182311 0
25.24410731573695 34
23.994099450259124 67
20.60357432080105 100
19.0274679274935 133
------------------

NEW SEED (1): 40.299433083101306
40.299433083101306 166
31.738631482146936 196
------------------

NEW SEED (2): 46.760173945512854
46.760173945512854 226
26.185886744942525 258
17.893197218565238 290
------------------

NEW SEED (3): 50.51304077343121
50.51304077343121 322
36.195185695374605 354
26.680442937674098 386
20.905355771910923 418
------------------

NEW SEED (4): 50.62491993566238
50.62491993566238 450
44.52238895692102 480
------------------

NEW SEED (5): 53.396872455382905
53.396872455382905 511
39.81747177536009 543
36.62194407492085 576
35.64840320921532 608
------------------

NEW SEED (6): 57.67267845481306
57.67267845481306 640
50.462636539335556 670
47.29480267732698 700
44.75876443732666 730
39.594734600683616 759
35.00671880436029 788
31.162116682588135 817
26.466151149545407 845
24.242573713234897 872
23.27086261378985 899
------------------

NEW SEED (7): 58.37176740118166
58.37176740118166 926
49.56024417776502 958
38.146271568217436 990
34.655393989090705 1021
33.517416659028314 1052
------------------

NEW SEED (8): 61.52856274646475
61.52856274646475 1083
56.55898717513902 1114
52.41443918970414 1145
47.11721106432683 1177
43.95443697571596 1209
43.39537573882065 1242
37.806277352292355 1276
35.34757888421667 1310
------------------

NEW SEED (9): 61.664536568781024
61.664536568781024 1344
33.01363201905668 1377
19.41310421882988 1410
17.175889678908238 1443
------------------

NEW SEED (10): 62.827859764879086
62.827859764879086 1475
54.81923325009294 1507
51.12344745176561 1539
45.34533037359818 1571
38.03832416000764 1603
------------------

NEW SEED (11): 63.852716496690824
63.852716496690824 1636
60.92639881750798 1671
53.62108984584354 1705
50.461338491457 1738
48.25190930823912 1771
------------------

NEW SEED (12): 66.35987322167473
66.35987322167473 1804
51.311782437037365 1834
36.09384204855589 1863
35.98460300845615 1892
------------------

NEW SEED (13): 68.30590806766932
68.30590806766932 1921
49.65726990662532 1954
42.577190039194626 1987
40.421842787924426 2019
39.64771822215178 2051
37.816617515874306 2082
35.68739302234622 2112
33.28856232514179 2142
------------------

NEW SEED (14): 71.33811878903752
71.33811878903752 2173
55.228072238366664 2205
49.99662368724053 2237
47.46922486201136 2269
44.086596123766235 2302
36.89596296500583 2334
29.489448011311463 2366
25.16003852191802 2397
------------------

OUT OF EVALUATIONS

