0.026917618539115434 0.0683780558080725 1486.0155604729243 40
0.024814244853963673 0.1314129716567337 1611.9773233240523 40
0.021385720274805797 0.1857385046648463 1870.4069578205142 40
0.01979686799069081 0.2360279216994702 2020.5216309372483 40
0.019753117659659876 0.2862062010206108 2024.9967974264953 40
0.018727688608271488 0.3337796122773212 2135.874898215316 40
0.01733923283593473 0.3778259690826907 2306.9071381925223 40
0.017131569670096308 0.42134480509262484 2334.8706960472664 40
0.01625261432028911 0.4626308559891737 2461.14250985859 40
0.016216776378179597 0.5038258687873094 2466.581462751241 40
0.015916505889939644 0.5442581130599699 2513.1143905951635 40
0.01566104082747717 0.584041406747619 2554.108659867633 40
0.015069347656218486 0.6223216392106359 2654.394928866989 40
0.01464002204625286 0.6595112681169004 2732.2363227067726 40
0.014017751196344545 0.6951201601968021 2853.524751561501 40
0.013965022580943552 0.7305951072844552 2864.2989847065023 40
0.01304069577436896 0.763722013445939 3067.3209997444023 40
0.01278665935354537 0.7962035981598693 3128.2603918676505 40
0.012646013941634743 0.8283279053601592 3163.0520245045072 40
0.012609192533170882 0.8603586761906096 3172.2887801714805 40
0.011959303204136934 0.8907385517628046 3344.6764679536927 40
0.011586277148990522 0.920170839925675 3452.360019152924 40
0.011389612193619895 0.9491035457323173 3511.972077715407 40
0.01138157724629946 0.9780158405922966 3514.451392315188 40
0.008654256249997163 1.0 4622.003190628093 40
