0.029540150632701156 0.06325314463612006 1354.0892359472166 40
0.027554956057904662 0.12225547142328044 1451.6444851497138 40
0.02666912327085253 0.1793609998460886 1499.8618287432485 40
0.024905083216017643 0.23268925976001992 1606.0978256147362 40
0.024294342951712494 0.28470976594061614 1646.4738346496597 40
0.023936645609829853 0.33596434909044043 1671.077921777542 40
0.021833837833489588 0.3827162739406294 1832.0187364699782 40
0.021824383964974534 0.4294479555997802 1832.8123288242684 40
0.02114555399441839 0.47472608575728814 1891.6506046877967 40
0.021130357574247628 0.5199716764272706 1893.0110320872907 40
0.020345397941872154 0.5635364643898628 1966.0465779181147 40
0.019912156064825437 0.6061735688259897 2008.8231465129722 40
0.019228016831436715 0.6473457532480367 2080.2977421260766 40
0.018977379955071566 0.687981258937839 2107.772521533474 40
0.017703527688687173 0.7258891156507448 2259.436689872867 40
0.015302803468622953 0.7586563974826593 2613.9001315684714 40
0.014851836156821526 0.7904580410226703 2693.2696790913483 40
0.014807856049049948 0.8221655117145946 2701.268831051768 40
0.014426779649616552 0.8530569987336365 2772.6215393511716 40
0.01186286308212999 0.8784584736164964 3371.867290642114 40
0.011665782718650309 0.9034379481889612 3428.8312207333706 40
0.011614777773236707 0.9283082079090875 3443.888534154291 40
0.011239035676371804 0.9523739060853549 3559.024203837463 40
0.01123116460832813 0.9764227502580121 3561.5184528894906 40
0.011010923059869872 1.0 3632.7562895960077 40
