NEW SEED (0): 31.609903748980265
31.609903748980265 0
26.74671016440421 32
21.7263892376344 64
19.745737547992306 95
19.33589702099072 126
19.316486674679588 156
19.289304794879556 187
------------------

NEW SEED (1): 34.07022497692519
34.07022497692519 217
28.552981090345178 249
------------------

NEW SEED (2): 35.270771794867315
35.270771794867315 281
28.856786864914405 314
23.26339950450481 347
21.141711731821875 380
------------------

NEW SEED (3): 36.30172767420261
36.30172767420261 412
27.44850457064166 444
20.611640936980944 476
16.687976211604443 507
11.847466919125129 538
------------------

NEW SEED (4): 36.74343824833344
36.74343824833344 568
26.05822558750042 601
21.081077471181587 633
16.107563327744156 664
16.021125060838052 694
15.957284528599311 723
15.900177736900156 752
15.869321698954119 781
15.837861197058135 809
15.83045922618597 838
15.805410814490518 867
15.79040920113216 896
15.782724099567904 926
------------------

NEW SEED (5): 40.03894159212939
40.03894159212939 956
27.88719838514543 989
25.49494191039705 1021
24.089289496668744 1053
22.85569306010766 1086
22.24581309212143 1119
17.963071290940256 1152
------------------

NEW SEED (6): 44.40363010239247
44.40363010239247 1184
36.330525436843416 1217
25.85226621475176 1250
19.758491630326084 1283
15.370308629247983 1315
------------------

NEW SEED (7): 49.33374474052941
49.33374474052941 1347
33.938745940399826 1376
23.190747089409257 1405
20.26276582284692 1434
18.886874302814928 1463
------------------

NEW SEED (8): 50.82741424138478
50.82741424138478 1491
35.47318256388098 1519
------------------

NEW SEED (9): 56.23222340879033
56.23222340879033 1547
35.50861980055281 1579
35.33088323859079 1611
33.730820777924755 1644
------------------

NEW SEED (10): 61.12192612583915
61.12192612583915 1677
39.93170831082975 1709
24.377300865088635 1741
21.202157931822438 1773
18.209903334509196 1804
------------------

NEW SEED (11): 62.50475788390948
62.50475788390948 1834
39.93827046645696 1869
34.31967141677733 1903
30.147783301828486 1937
28.661698793562984 1972
28.63695273521146 2006
------------------

NEW SEED (12): 62.67396689289649
62.67396689289649 2040
39.998024045037425 2068
38.01884311801373 2097
34.661269462929965 2127
32.45734639767896 2157
32.193779180139074 2188
27.701093211265565 2220
25.325701246616525 2252
21.632347909603972 2283
20.826647380659747 2314
------------------

OUT OF EVALUATIONS

